403

„qam 1 001¹3

..111 1 002²⁴ 88811 181111 18181,12

11111 1 20d

,811111 1 001⁰

8311111· 1 718111

...511 l 88188811

..ona-ui Ι 81811

κ81111111118811118811881

81118 1 8811

..1181 l 1811 01¹ 18111 8111 881 18811 11811
11811 1881 11111 200u

18111 18811 188111
’ 99181 11911 99911 1998 91111-18 99118 9118

1911110 ’19112 19111 1190 99111017 19101547

’19914 19910 19913 ἄ9111 91914 91910 99110

92910 9910 ω1“Ι &W mm 79114 mli·
10 733²) 91911 71190 911914 9198191114 85¹⁴

81811 1020² 1020⁸ 1010¹⁷ 181811181Γῦ

111 1111 11111 11111 13111
11111. 1010la 8811
ω 1 ffim 7110 91Ἆ1 ¹oe10 21210 9894

811111 1120⁷ 11 81 20Ml

*²25⁹ 1 9911 91988 99981 9911 91918 99981
QQQQQQQ
88811 88811 88811 181811 181811 11 811

,1111111 1 11811 111111 11 8111

,111511 117²¹ 88811

,111 1 201⁰

111131 1 8111

811190 1 11111 91181885 991818 99988

111111 1 1521 0¹17²⁰

811111 1 81811 8811

1111018811 201²¹ 1181188111 88111 88811

„ima 1 8111181111 8711 88111 11 111

uam 1 88111 8181 81811

11 11 181818 1811

11 1 88811

9919 1 19112 Ἀ914

xm· 1 002¹⁸

11199 1 1191021 9117 191117 19911 rmb-'l
11 ¹ ⁴⁰¹1 ⁶⁰⁶1 ⁶³0.

11» 1 88811

120510020101„200521101210115000²¹⁵
8111 18817 188111

18111111 881

111111 18811 mu 811188111118811

Qffloffln

11118111 181 181 1881 18811 1881 88111 18811 188811 188111118 18181111

9111 1171181811 911 19981
*M 11 9918 11818811

LEXlCON.
404

100

1198 91918

11111188118811181118811

1» 1 81111 1881188811 11 1881 11811

‹vx-xi 11 1881111

8111118811 118811

11111 7181

..8111 11 8811

11111· 118111

..S-1 181811

μυ· 181818

19999191 1911-889918991899189189118 ⁹. 1¹1
1111 81111 11811 18111 11111 18811 88811 1111111118811 18118811
2³1 1⁸0³ 88181 1881 8811 Q
88813 818111 81811 8181 88811 88111 8811 χ1111» 1 8111 1111 18111 8811 8811181811

{mn-5 ω1121ω90-11991Ἡ 11914 91190 911910 119910 99910 91910 99911 919114 9991022 111110

1919010 19114 9990 1991οω901 19194-10 99910 91910 9112 α1914 11 191004 19040·ίο ffi„
99110 99117 9197 99112 11917 999004 9910 9104 991

,1118118811 8111188818181188111 88111 8111181111

99917 mk 99117 9997 9910 1919119990 fh 111911 9910 mi) 19910

18881111 1888111 18811111 18181 11 8111 18111111

2910 9120 990 119110 9910 19110 m 1 1910 9910 11117 19110 19121 91907
“²²³¹ 1 99111 191981 mne 99181 91981 91981 19911 99188 19111
,111111 81111 88121 8181 818111 8181 81111 8881 881
μ199918 19181 79118 9198 9118 9991 9998 99918
1.·.1»11881 81811 81811 88811 88111 021⁰ 1818111 11 1811 8811811111812

88811181111181811181 1111181881,
’013511998918118818 9918 9998118 9109’1191111

881188811 11811111 88111 >Aa 11 01²
..11188111 ’ 1111111881ῐίιῇ
1111188 »81188
Q 1 91900 >⁹ssAE 1 191910 8911214 a'io-112
919999 1 991811 99181 7¹>ss 1 19118 mn 19111 9191 9998 919 8ae11
09· 1 1998 99910 9998 99918 19991 99918 191918 11 9918
„20 ¹ 1000 8881818181.
,111111 88111
,11118811881181111181811
PM» 1 918 9111 19918 91111 9991119111

8111 88811 11 1811 1881
1111801188111188,
72001511020000²⁴
,111111811181111
fulfflffl ὦ10 ω019901ω1491910911Ἃ

118181
1111111811
χ1111181 8111
0210„

8111118118811 181111 1881181811 81111 κ1111111188111

991100) 191910 ssffie 111190 9990 im& Ν4 Q 1 19910

011001102101110101 »1818818118
11111111818811111118811 11118881 mia-1002„

9910 mihim-m 9oe10 99908 119910 &lemn
899991· 1 99918 99918 9917
0:031211⁴ 88111 81811 1111 88811 88811 >Abi l 81818811

020„001„10072111‚10211„1000‚„1101¹⁴ 11111111181111881

01011 0701111

’19191 1 9191 19919191 91918 199911
909911 1 9911 91918
88118 1 0101„

 

