LEXICON.
393

4441411004, ·’ 1144114011,004,11 40,00,
'‘⁴²³²'’ Ῐ 44514 4551-105551444-44 55744 55Ῐο = 0 >⁶⁸⁸3J 5 ⁴⁸⁴2

5555155 5 44544115554-14-1040 4574 54510

.4114141140,401,010, ,114441140,411,040,1011,

ι114111001,,401, ,144441104,,410,1004,

04111411 000, ' >dni 1 041,
1111111 41, 40,110, 140, 404, 000²² 1441100, 1114141 10004,

010,001,11 0„ 114441. 1 004, mni 1 404,,

0141111 40140, 400, 4000400114, 4441404, <afim 1 000,

661,, 661,,, 000„ ΝΟΜ, 101,,, 706„ *31 Ι 667, M 1 1η, 171, 481, ⁴07„ 000„ 1111,

707„ ⁸⁴⁰2, ³⁶22 5554 5554 11544 121441 ω55514-10 55544 555ιο101041 55504 5540 H 50 1550

,4044141 1 410, 1041,,, 1040, 11 110, 1414144, qm 1 444,

,14141 1 0, 104, 100, 100, 040, 11 144, 111011 1 004, 4141 1 400, 1004,
..44111 1 1,, 41041 1 00, 44111 1 00, 040,
,1414111 140, 1111141 1111, ,11111 044010,
1111111440, 010, 000, 140, 014, 4141400,010,, 401,1140, 41111001,400,

„md 1 004, .- ’ 41111 1 110, 141, 101, 001, 040, 404, 11

ww u 4510-1111110551 ⁹ ⁵⁷¹3 mi
,44414 1 044,

υ40111004, · 1114111044114, 444, 414,144, 444,
4111004,οο0, 002„1020⁴ 440, 014, 020„ 000l 044, 400, 100,
4411440 ⁸0⁰2 4104040 1400114004
,41111 1004, 001, 11 40,
ω4111000,11100, „ma-223 1 001, “
,114411141,1141, 11114 1 041, 000, 040, 040,
4114141400, 111 1η,
,140141 000044, 0141041, ,1411044
41111ιο40,444, 001, 4141000, 2

10411004,1101,

„13 1 440,“011,1010,11 141,

———-

11411 1 010, nug„ 11 4,,
>⁶3⁸ 1 ¹²⁴0 ⁴⁸¹102120 5554 5511 55540 75514 15551 5 5151444 0223„

041 1 00, 111,141,000,, 041, 10440 ”

11101,100,
,111 10114, ,1411 11,1000,11141,
0141100110, 0411100,
4141 1 110, 444,1140,,04,00,, 01411000, 1100, 101,, 110,
01141141,1100, 041 1 0, 14,000,404,1040,11140,,, 11411404,
..11141 1 0,, 411, 404,11 1,140, 141113, 01141140,
01411404,01·4 11411001, 000,000,400, 1044, 1040,, „sa-Au 1104,
0,.11411100, 11 00, ,1141 11101,, 104,
,114111100,, ,41411444,040, 11141100,
0144 1 441, 1040, 11 00, 00, 100„ 01041 1010, 0401104, 1141 1 001, 440,
¹⁰¹0 51545 ¹ ²⁴90 w ¹ 554-1010 12540441 1214 1241100404044
,414144 1414, 1144141440, 141, 1217„ 120„ 100, 10, 404, 000, 440,

 

