331

2 33313 3332 H lfflfl-lffii-lss

99⁵ ¹ 73617181

¹⁸99 1111111111
1111131 11111

1’ 11 115111 ·
Q 1 111111

313 ¹ 9317

,111 1 11111

11111 121711

11111 1 11111

1111 11111

11111 1111111111 11 1111

(11 1 1211 111171

1111 13111 711111111ὁὶ1 2111 mm 11111
11111 1111 1171 1111111111 11111111 1171
111133* 33113317-1110331133ε fl ⁹³79
111 11111

ufflQQQQQQQ
1111111711 1111111 7171

, 11111· 1 11111111 1111

1111· 1 1111 11111 1111

11111111 1711

111 ¹ 111111

11 1 7211

›1³ss ¹ ⁶⁰⁸9

111 ¹ ⁵⁷„ 11,

*1313 l ⁵⁰⁹99

Χ3333313 3 334 333840 w!

333 1 3311 ¹29{ft-12 ¹ae14·ss

1111 1 1001 121111

1111 11 111111111111111111

11111 1 11711
11111111 1111

..1111111131 111113
13133 ¹ 99910
111ἷρ1 1908111
(1111 11 119„

11111111

1111111 1111111111111111

11111711
1111· 1 1111
1111111 a„ 1111

LEXICON.
332

1111111 1 1111111111
1111181 1 111911

Ι[1313311 3357 30411 ⁶¹²9 313117-11 5²⁵9
171111 1111 7111111111 71111 7111 7711
33317 3334 3310 ww„ mm 333331
10111 111111 11 111111 11111

3313 1 ⁴⁴91 33324 Μ183ῃ1033310 {ma

1111 1 1111 11111 7711

1111111111

11111 1999¹ 11 1191

2⁵⁸5 ¹ 33111 13311 3311 2001 3121133311 33311
3331 mh 3331) 33311 33331 3333 33312
33331ὒῆ 13331633337

11111· 1 117111 171111111111 1111111

11111 l 311911 11601

111111 1 1111111711

1⁶9¹* 1 111 111111

2⁶3* ¹ ¹⁰¹9

20¹1} 1 611 &33¹7 700111

ρςοῇ 1356111 921111 10011111100911111101311
131ἔῖ 1335111

1116111 1⁷2¹³

1111111 1 7111 1111 111111 11 1111

11111 1 11111111. 111
111117111111111111111111111111711111
111 12⁷2„

13111 11 19111111 (1111

'9⁵⁸³ Ῑ 63311111 ⁶514 77371

*9⁸³ ¹ ³⁰9 ¹⁵⁹7

1111 11 111111111111
1111111 711111 11 1111

1333 1 333111 mn 33310 33311

33321 mim} 33310

33311122 33111

W17191

——-—..

wilm„

333

111111 1 117111

«ω» 1 1⁰29.

1111 711 1111111111111111 11111111 11111
3311233781ω11 33318 33321 3335 333121
,1111111171111111111111111111 11111711

‚wll 33331040 33313 33330 33311 3331741

3731) 33711 33321 7¹³2! mk 3333 {mn
3311737313311 ⁸⁸39 330711 ‘mn 9:15„
11 1711111 11111 11111 11 11111

M l 3321 mn 333111 33313 ῃ31310411
‘ww-18 3331 3337 mim fl 33111

M 1 ⁰⁸9 ⁴⁷²1 93013331111

13933 ¹ 8617 177111 33311 53511133317 m„
11111

11111.

KQ ¹ 333310 33310 3333ἳ

1111 1 111111 1111 11 1111111 11111 1171

1111111711 7111

331331 ¹²⁶7 3311 *mm 3371 ⁴⁴019 57611
QQQQQQ

1111111 1111

1511111111 11111111 19u 1111 11ο11 1111

33312 333040 ’33313 mm πῆ wa}
3330111 33311 3339 33317 33311 min-2⁴ 3332
73311Ῑ7111 90117 3331 ⁹7³1 ι3331111111
111111 11 1111 111 1711 1111 1111

11111111111111

..1111111 1111
11111111 1 1111111111
mima 1 11111
1111111 1 11111

’ῥυ l 7⁰¹9

Ιὶἐυ l 9197 70111

11111 1 11111 71111 11171

1111117711 11 11111

111111 1111

111111 1 11711
11111111 11111
1111111 1 11111 71111
1111 11 117

18-117

1111 1111111111

11111777111111

9²3²* ¹ 8761133311 33311
1111111111111111111 111111111
’33331111 2647 36811 333133311 ³339

1111 11111

 

