304

&HQ-„⁴05¹

1-1 1 1111111111 1111

144··4 4 44441 4444411 444411 44444111

444 4 4411 444411 Μ41744411 44441 44444111
1111 1 11111111 1111

*A 1 111.

1ιὶ 1 021„

M 4 441 444411 4541111 444411

111141έῖ ll 105„

suf 1 ²²³0

121 1 152„

,1-1 1 11111 11111

11111 11111111 000,⁴ 11 1111 11111

u 1 00„ 11111 11111
· ..υ 1 11111
44444 4 mn 4444110111 44541 4444410 4444411144444111

1111111111 111 1111 11111 111111 11111 '²
*41041111441144411549111 44411 ’

444411 4444Ὶ412·21

..1111111111
..1441120111
1243100⁴

LEXICON.

305 300

ῖ44444 4 Ζ411 24141 444144411444411 44411 ἰ444410 4444 4 44417 444411 44411 44οῈ ml? w& 444415
,1111111111111111111111111 ,11 111111111111111111111111 11111

,11111111111111 1111111111111111111

1111 11111 ,1111111111

1111 1 11111 51:221 1 1111111111111111111111111
4444 4 942 2’4441οΜ11 444411 wo

1111111111 700 111
1111111111 111 1111

1-1 10 0
0 U 11-10 0444444444441444411445214411
111111111111111111111

111, 1111
,ίῳ 1 1111 02³1 111111
ῲιῖ 11111 1111111111 11 111 1111111111 affl 11 11111

,111111111111 ,11111111 111
1111ιὶ 1 1111111111111 11111 111111 1111

11 11
«11111111 500
-1021 4411 44411 521-11

1⁴ 1²
«111 1 1111111111

,1.111111
1131 1111111111 11 111111111
1111111111115

111111· 1 11111 11 1111111
ιβιϋ {ww

1111111111

10

1111111111 1012

10 1-1010
⁹0⁸ss ¹ ³³²0ae ffi²1⁷ ¹³²¹ae
1444444444 4 4441144411 444411 44444111 4044411

11 1111111

ω· 11111
111111 11111
aaa 1 11111 11111
4515 1111111
,1111 1 1111
ιω 1 11111

111111111111111111111111111111111111 · '

11111

Aa} 1 11111 1111111111

11111 11111 1111 11111

1111 11111

11111 1 11111 11111 1111

444 4444411 24441444411 4444111 232101021 444411
1111 11111111 1111 11111 11111 1111

agap 1 1111

1111 111111

1111· 1 1111 1111 11111111 1111

00¹¹ 11111

444444411 44412111

001 02„

11111111

11111 11 111

11 0
11111111 11111 1111 11111111 11111 1111

,24410 w! 3441011 4444410 44444111
1111 m„ 11 1111 1111 1111 1111
0²0³ ¹ 2³22 ⁵⁴⁴1 ⁶⁴0

1:5³0, 1 1111 1111111111 11111

nm, 1 11111,11 1111 11111 1111111111
44444 4 44211111 44441 34411 44441 4444411
1:022, '1 110 1111 11111111111
,1111111111 11111111111111111111111111111111111
’4441444 4 444411 -11-11 444411 4444411 44 4411 l⁴⁵10
m 1 220,⁴

111 101,
4444 4 24441111 24441 244411 44411 444411 44441 4444444 4 441 44441
6111116811 7171111011 811111 ,1111 1 000„ 11 ²⁴20
44444 4 42411 244111144411 4444411 'm 4 4444114441
1444 4 2ss¹1012 44444444 4 4441-1111111111 4441-111-11-1111-11
“⁵⁹²³ 4 4441 -1111 4411114444-111111111111 5ss01011

6⁰1² 6410-11
-18-ἭΜ1 4442440 umbi? 44410 44445
44441οῢ10 44441012 4444470 4240 4440 mo
44410 mall-23 24421 ffifin 244411 34421444411
³'hrt-12! 44445 44Β2 444412 44444742 444418 44440
-12 mlh-iu 47441 444411 4484011110 ww 444417
54440010111244441 5444154411 πώ 444417
444401Ὴῦ Η441 4444121040 ω4411 Q ω4410

ww! {ml 6241 mil 6⁴OMIJ 4444Ἠ ωῧΐί

114111 1712²⁴ -11444-11-11-11 4411111111
11111121111111111111 1111191111
11111 121111

ami 1111 2⁴0„

11111 11111

1111111 11111111

1111111111

01111111 111 1111

111 11 1

,mn 1 111111 111111

 

