LEXlCON.
397 398

2521 5510 5550105551155501 555111 52511 *W 151511 751511 15510
0401 1001 040111 10101 101011 · 1111 1 1001
1113110001, . ' 1111110111001400110011
0111101101 1111111111 01411011
11111 01011 11 10011

1000111 1111111111 10011 ·
,m 1 7001 · 1111 1 404111 01111
11111 1 4011104011 0011 11 1011 114111 00011 0011

1111111 101011 1111ι111140114101100111,11100111111111 1111 1 7171
111111100111110111 114111 1111100411 11 41111
55555 1 511 551011 5517 75514 151211 11 71554 1 55511 ’ 051151 1 51110
0111 1411111111 1 11111 1111100011
1141111 100411011111 04011 111 1 1011 10711001 41111 01111 1101001111 1111177011 0071110111
111111· 10411 00111 11011 4111117001
113111· 1711110011 10011 1111104011 1111113001100411 0114117101
11111111· 1 104011 „214- 1 0011 1111111 1 100011101111
114111004101011 111 10071 11111· 10411 110107101111 11 14011
,1111111001 11110041101011 1111111 1 1101
1411111 1 10111 10011 „2315- 1 40011 000111 110111401 1111111 1 100111
,11111111 101011 0001111101111101114011 11111101 111111 1 w„
104401 0511041110 0101010104010100
’45555 1 52510 55101 5150 51110 55511 *35¹⁵ 1 55110 5550 mn
111141 11011 001111 1101114011 0011101111 1711101711 1111111111 0711
011171011000101111 1111110171 ,1111111100011
55535* 1 750 115 1 15511 15511 55511 15515510 71110 151* 1 5511 5451014
11111140011100011 1,11141011 16111 110144414401110111
11111100011
11111 110011 00111
11111 101011
1111170011
1011101117011101011
14111 101111 01011
1111 1 1101 1011111
1111111401
1535 1 71101010 ῃ1111 Ψ5515551551115511
555010 555551 55101010 5510101017 51555515551055511 ’5517 ⁷³²9
9197 5501010100 5550101014 555000 1115555 1 1557 72510
55Ὶο0001117 55540 55110 5550010010 1155155111
1010001010 5551-041-1014-101011-1055511 5515 1 55511
10100010 75511 5110 55111 1551001 Ψ 1 75114
Μ 1 771010 555155510571101010155110 5511 115510
ψ 1 70111-111
&Bw-M AYK, 167315
1041411 ²⁶9 “1⁵11 ⁰⁹²9
71411701
..11113111 1000110111
115 1 ⁴17 510 4517-10 15510 15510 175101125111 1555 1 55110 55110 55710
mv ²⁸⁶ss ΜΗ {mm 1151225523 ὟἪΙΜΒΕὨᾸ
-17-10 1551 45511 5511 5555 71511 775111 *4755115551 “
1550 5551 5554 55510 11 5511 550 5501014 '⁸2⁸⁸ 1 5551040111 5551
-1010 511 1510 ψ 1 55510 'm‘
”iffIQQmuffissmww &amma

 

