LEXICON.
218

217 219

1111996 119

1111611212 ⁴

'ki 2 2561) 8ae{2 ΜΒ

’622 2 22221917 221 2 2211 226 22211 2221122219 2221611
6116111119164511 11191
” ..2131 111161 116111 116211

222 2 2219 2226 22219 222122216-161911-11

2226 22216 ⁹⁴⁰0 22 216

effi) l 593111 629111 81111
1261 1 62111

037 1 11211 116811 5811
qus, 1 233„

..b-37 Ι 1137111

91211111 13131
0³ 1011

1116 116111 11 9611

1311. 11 3711
x1201. 11611
131 1 iffi„ 60111

1111 1 1111 11911

9161166

:afli 1 11111 1611196911 11191

²²³0? 19311,

1³0³ 1 100¹ 1611166911
161161 6911 69611 6491
111111. 1 1611 1161111111
6161 167111

691» 1 961
61111661 11 1111
131» 1 691 66611 6611 077³
11161 1 9119191911
6116 1 00¹³

,1025 1 199911

11 111 111 17411 1141· 220221622211

1111 1916111 199911 19911 11 1111111911 116961 1 9191111

221616 226 221 22619 2216 22161911 221 22222 2 2229 2221 22 2226

40127022 2221141 222114041411 20111 21141)

22648 281249 297 52² 5310-2'7 ffiu 2222-

11 81111 6111111111 11311 116111 12111

42212 2 22216 22211

122212 2 22219 222911

61111 1 1161161611

1161911111 69 m 996 9161111

11 16 1916 11 1221212221

91119611 661111 61616111 6691 66111 11161 1111

666169196169111611 1911 11611961
61111111 1 11911161196116611199911 116, 11 1111
1161661111 1111 1911 93116, 1 666111 66611 666
1,1616111961
..181121114011
x[02:21 1961111 1611
111611 11 61111116 661

969. 001. 007 19161 1919 1911

*5⁹⁵⁸ 1 1311

1161

wls-17 21·
22 6221 62141 6211

uma-1 1 19911191116111

10, 1 661 66
61ὰῆ 1116111 82811 1111711 lom,⁰
13181 Ι 21911 3116111 66011 1161111 66111
22216 22216 22211-11 2221 22 21916 229619
„afim 1 57711
9 1 61
11 1 69111
‹21 1 90⁰¹
111 1 9691
,11611616 1 19911 11 191
222 2 221 2221 2221 22216 22219 22216 22211
2221911 2221911 2221116
· 2222 2 2221611 22216 22211 22211 2226 22216
222 2 2219 22111 22211 2221 22216 22216 2221 -1911
2226 2226 5⁴¹11-10 22219 22219 22216 22211 122122 222216 2229
66111 6911 1961 11611 1111 16111 69111 ,311 1 6661
91111 96911,11 11 19111 1191116111 11111 1 11111

6161 1 7111 99111
6191 1 6611
1161 1 61111 11 61 19111

1661 1 91111 99196111

..3170ss Ι {mm 3291
1611 16991 691
622122 2 222111 22216
1611 l 6161
..111611611113291 2
*222212 2 22211
6161116191111191-11
1911111911 9911961
11161» 19691
661161

11161111 16161
6661621
666191

1111113. 191111

’26222 H 2221

*fl 2 2216 22217 22211 2226 22219 22216

Μ 11 13211

³²⁸5 2 2221662221222211
*tm-J 12111

91111136 1 811

9311 11165111

116111 19111

μμ 1 311111

611» 1 66611 191111 11 1161
ρᾶμο 11 1201

1161 1 101² 96111 66111 61611 661111
11161 l 616111

161166 1111

11 25

1131 111111

..11 1 1611 16911 9191 1611161111 015m
⁹⁷³0

2222 2 221 2216 2221616 2221-1117222192221

2221 22 2216 22161616
,1111 1 19911 66911
22222 2 2226 22211 22211 22216 2221
6161 1 661
*³5 ¹ 6611116

1161 1 69911
222212221622111 22211 22212229 22219 22221
-11-16 22216 22216 22216

’6212 2 22217
661 166911

Ἇξή 1006„

 

