LEXICON.
338 339

7777777 0001 1211121 07011 00711 0071 0001 0002-11 770211 7011112111 7001111 707121
1077777777 7 001 00711-110001-11070111107022070100011 700111 7002 00710011 0701 00711 0001
19ss 11 117„ 111111 11111 1111 11111 990„ 999„ 999„ 919„ 919„ 919„ 991„„‚„91·1 991„„„
77777 7 0001 77 7701 000107010002 00011 0071100011 00011 1111111111111111111111111111111191111111,1
’777 7 7772111 00011 0701122 0011100021 00021 007100010701107011-2121077211 001100010001077100011-11111100711112

00011 00011 00722-1121 0071000100107011 -11 00021 0002111 000211 0001 0001 0072 -11 000112 000111 00011 000111 07011111

919111786111111 999„ 999„ 712„ 1111111111 799„ 797„ 9771111111 991„ 1925„„„‚„ “mm H
777777 7 00011070 700700 700111 7071211700111-117001111 01-12 0011 0711-11001177011 70021
707077 000170002170771112 11007001111777111-11070-2121777170712 17077 7 00022
’57077 7 07011 -111111117071-1170011 7001 70011 7001111 71777 7 00711 07011

” 0771 00011111107711121000100011 00011 10717777 7 00011

1100710071107011 00711 0001 00021 0001- 11777 7 00011
11111 91311111 1111111111 921„ 9921 997„ 132127 1999„

>⁶⁷³³ 1 17„ 99„ 117„ 119„ 172„ 199„ 299„ ,11 999„ 991„„ 111111 999„ 999„ 972„ 1121 1 11„

07021 0001070111 001071207011 00011 1111-11 0771-21 0071 00711 70071121 77 171777 7 0072 070111

077111 00021 0701 00021 0001111 0071 7011 771 0011111 0011 0721 00112 0011 1777 7 7002

00021 0001 000110071111 00021 07022 0002 11-11 071111 0011211111111111 001111 17777 7 00011

00021 00711 7001 70021. 70011 70011 70712 1111112-11-111111 0021 001111 7001111 0717777 7 00711

11111111 11111 1111111111 1111111111 991„ 199„197„ 1111211 1 929„

920„„„„ 0001 00010001-1111000100021 77777 7 072221 071 001 7001122 7001-11 17177770 7 0001

0001000207010071121070117070170701 7071700170011 7001707170011700117002 770777 7 m„

,1111111111111111111111 97„,„ 92„ 2111121111 111121111111111 1111111111, 111111111111111111

iffi„ 128„118„ 111ζῖ1 ffl„ 44511 1⁴9„ 79614111 46111 991„ 1111221111θῇ

77777 7 01111 0011 001111 0011-11 07110711 0770107011 00011 0001 00721 000111 000212 7701777770 7 071 0021 70011 70711 07711
0011 001 771112 0011 77011001 00117001 0771 00011 00012 0002 0001 7702 7001 00012 00οι1 0001 0002 0771100011 000211
0701121 07011 00100110071100012 00011 700170011700211 70011 70012 00010002 00011 0071111 0007122211 0002111211
00011 0001 07021 00711 00711 00011 ω01 00011 07011 00022 0701111111 0701 00011 07711 77011 77 70οι1 7001
992„ 199„ 119„ 119„ 121„ 11111112Π 992„ 111111111111 990„„,„ 997„„ 11111 2111122212 1 929„
0001 0001111 07011 00011 00011 0071 0001 00011 070211 0771 00011111 77 70211 20„ 1070777777· 7 7001
07711 00711 00011 0701111 07021 00721 071 001107117001 17777 7 00021 70711 00011
62927 &HM 9111„ &32¹1 1611161111 931„ odd Ι 989„ 999„ mm 7 111111
799„ 72„„„ 791„ 11111111111111111 1121221 1 11111111111111 111112111111111111111111111111111111
70021 707111 00711 00022 00711-11 0071 ΓΜΙ9ὒ111991117911 1111111111 99111111 7707777 77 001221 001
07711111 00110001111 007111000107711 997„ 11111111111111111111111 1121 119„ ’777777 7 0001 0001111 77011
1111112111111111111111 991„ 991„ 1111111 l 111111 9912'11221„ 199„„199„„„„„ 172„„
00011 00011 70071111 700011 70001121 ..121117611649119111117591119101187611 0071110771 70011111 00011
1111111111121111 111111 1111111 11111111 Q„ 1322111111
7071700117077111170011700170011 „aaz 1 1111111111111211 992„ 992„ 11 4925. ¹ ¹⁰²921
77 011 7011 70111 001 0721 ²891911-12-1921 1091 11911111 ’67777 7 0001 7071
071111-121111112121 07211111 7011 0022 1777777 7 00011 07010771100011 0701 7701 777777 7 700011

111111111111 1111112111 11111111 1112111111 11 1111 111121111111111111111111112111

ψ

,112121 1 209„ 212„ 2211111111 17 129„ 1122112 1 19„ 17„ 29„ 21„„ 1111 29„ 92„ ,2111121 11 11111111 11111 1111
1121111111111111111111111111 ,111111 11112111 11111111111111111 111122 1 2111111111

..1221121111 119„ 199„ 211111 11111 219„ 11121211 1122111111 1111111111111 1211111111
1121111111 ,11 1111111111111111121111111 11111 2112111111112111

>d 1886„ -mw 00021 00719 mlta-2⁶ 50011119 ω 7 0709 00012 00016 0001707οΩ 0001

7777 7 7710721121 071121 071111 07101 0771 00011 0002111 001-11211121 07010701 -10001
11 0021-21 7014 001 700111 70012 70011 -11-1111-21 0701 00711 0071100711210701 1777777 7 07011
7072111 ¹7717-21 ¹⁸91929 00011 0071 0001 111 00710071700117071117001-11 700· 0077 7 70711 07011 00021 0071 0001000111
0001111111 0071 0701070 00711 00711111 700 7001111111 7071070107011-112221 00021 00011
999„ 00711 00011111 00012 07712 07011 7001112100 7001111707111 7001111121 7770 7 0071107711

00711 00011 00011121 0002 00011112 00011 77012 1111111111 770110011211-21-21 177777 7 00011 00011 0071 0701 0001

 

