14111444. ·
385 386 387

4111 1144,,414, ,14144 1 441, „sm-§.⁹1 1 001„

41111441, ,43 1 141, 414, 414,, 441, 411,144,441, „Sa-1120„ 114, 444, 411, 411, 414,,
„sm-:1 1 1010„ 1441 141,, 100„ 101„ 101„ 141, 444, 414, 441, 100„ 414, 414,, 44, 411,,
41111444, 144,,111,,114, 000„ 414, 414,, 111„ 444, 414,,1414,

v221 1211„ ,,, 441, 414,,441, 411,, 141, 441, >u5201011„

111141 414, 414, 111, 414, 444, 414, 444,11144, ,4111114,441, 441, 444,141,,
...101 1444,411,441,1414,11141, 4141144,444,444, 14114 1114, 411, 444, 444,111, 114,
1114111111, 144144,144,411,, 414,,444, 411444, 1144111441,

411, 444, 444, 414,,411, 4141444, ,114141 441,

1001„ 1000„ 11 121„ ,11414 1444,

011 1 414,, 100„ 020„ 001„ 11 111, ιω 1 414, 444, 414,,

»1⁸21 1 1110100121111210101 »211 ¹ 11001211
⁶9²0 44411 442411-14 44 414 >¹⁵²⁴i 4 ²⁰20 24411 44411 44444 444414
“M 4 4441414 43441 54441411411 44444411 “3⁵⁰3 4 48411-1444411
,,, 444, 41·ωὲ 1441,
,1411ιὶ 1 144, 141,, 144, 141,141,141, ,4ψὶ 1444, 144, ,411,’1 144, 211„
20411 21614 2171 ²2¹1 ²3⁷0 44514 4441111 44444* Ῑ 4444 44414444114441144 444411 74444 l 24411444411
424114441444144441111 4444441411 4444 444444· 4 444111 Q 4 44441111
41411111 144, 441, ν,14 1 144, 414, 111, 441, ,11Μ14,414, 011„

1202011' 1 144, ,11411 1 411,, 441, 441, 444, 444,, ,111ιὶ 1414,

,111114 1 414,, 444, 444, 444,,, 444, 444, 11 411,, 4,,,,,44,44, „ww” 144,
1012„ 12.ss 1 001„ 444, ,414111 1 411,
,1141141 1 144, 100„ 144,, 444, 444, 4141111441, 1144, 4,, 11441141 12„
424196051οΜ481464σῦ20 »a 4 ῶθ ²3¹1? ⁴⁴⁰0 ww ffi„ w& ,hi 1 8923 mni-²1 8⁴01ss 9¹2⁴„
,144411441444,444, 444,4411,414,444, wilm„

,14111441,411, ,111141,,141,444,414,444,,, 441, wilm„
ιω.» 1 44, 111, 411, 411,, 144, 144, 444, 411,, 444, 441, 1111414 1 414,,

414,144,144, 41411 1 141, 444, 411,,,, 441, 144, 114ιὶ1414,1411,

,14111144,144, 144, 110„ 0011„„ 011„ 100„ ,1414 1 444, 11 144,

144, 000„ 444, 11 114, „221 173„ 44, 211„ 1144 144,,,41,111, 114,141,,111,444,
414111 1444, „qu-3 1100„ 010„ 001„ 444111, 010„ 414,, 411,,444,
’ ,4141 144,41,14,44,441, 210„ 414,, 141111 100„
444144441444114444 ΨΜ 4 44414 70„ ⁰²10 217„ 44441 53¹¹·
,1.41441,
1444111141,41’411114, μ11144,11,441,
14441 1 411,, 411, ,41114 1 41, 41, ,5μέ 414, 11 144, 144, 144, 110„ 114,
,1111 1144, 11 141, ,441114,44,444,444,144, 414,, 44, 111,141,,
edm-‚1 1 141,, 444,444,4441,441,441,,,441,444,411 4111114144144,
· 710111132„ ,,,111,,,141,,ὁὶ1 6111, 444, 644, ,Mo-{x 1 441,
x&21:11 1 444, 141, 114, 444,,, 444,444,,1414,1144, usn-{³0 141, 00„ 110„
>⁹⁵³⁸ 1 101„„ 212„ 141,, 144 1 141, 11 144, 11414ῲ1 121„ 44144441, 414,
,41441 1 111„ 001„ ω’..ἱ 1 441, 14, 414,, Q 1 02„„101„000„ 144,
uia} 1441, ,444 1411, ,ω 11 144,
1444444 1 111,,111,144, 144141 414, 414,, 42'1 1 110„
,0200 11 144, „1111000³ „2:121001„
„gaab 11141, μὶ 110„ 411,, 444, 444, 414, 411, 14141444,
' 120„ 000„ 000„ 411,, 444, 1414, 11111 1414,
1414,1414, «1111111441, (141,,11144,
11·μέ 1 441, 414, 444,,,,,, 1444, 1414 1444, 411,, 414,, 444,
14441 00„ 44, 100„ 210„ 211„ 001„ 001„ 141,,11141, ,aas 1000„
441, 411,, 110„ 414,, 101„ 414, 444, .μ11411,44,14,41,41,44, ,411,11144,
001„01's 001„„ 1111, 11414444, ,

 

