LEXICON.

388

*mu 1 4471

4441 1 4741

'⁴³43 1 ²‘91010 ²⁷³01221

4444. 4 44411

1,4.414 1 4441 · . 447 1 444114441111111 4441111 4441
ms 1 44411 74414441114441 · · 444 1 447144414411 4441 4441144711 44411
&QQQ w 44

4441141441 444111 ’ · ..44144411444111
4454147411 ’ ” ’ 4441114441
,44411444114741 ·’ 4414441441

44... 1 44411 44411111 74117741 · 14441 1 44411 4441174411
„enm 1 444111 · ,tami 1 44411
44411444411441 ·· 44414441

44441 1 44441 „aaz 1 4441744111 11 44411 44444 1 44711441 44411 44411
xm 1 44411 ..4411 44411 441 1 44411 4711441144411

(4.1 1 44411 44114441 44144114111114741111411441 4441144411 4441 447111111 444114441144411

*³5⁰3 1111114771144 mm 11144 1141114111444-4444-441114119441114
ὼ11611111σῃ1>17 471οθ1 1511246νῦ &Bm θ11112 ⁷337
1111 1 3111441111144 90144 9⁰⁸1 ’ 81144471134444 911144
11111 1ae⁷0 ³²²3 11110411141514444
444 1 4711111111 4411 44111 441 1011⁷ 44411 1444 14441 μ114441444111114141144411441111
4441444114471 2011a 4441441 47411111 44441744114441 41441 1 44411 447111 444 444 4441111411
ωθἎ 5111111 1192 mm ⁸3¹2] 8π7 11 ami) *mm 1 ffin 416311412 11811 11914ᾼῦ5411 15217.»
'¹⁰. ¹²⁸0 41111 1 1174411144 131411141114411944 111344 11144 1514444444 111144 111344441111144-44
1111 1 21111444 2111144 211144 ssim 11114 2111144 111147 1111444 111144 1111144 111144 M 111144 111144 71144 111344 111147
44411 44111111 44711 44411 44411 44411 44441 1 44411 44711 101⁸ 4444111114 11441
15144 111114 1114444 1’111144 515744-44 59721-211 1111111 1 1114444 111114 11 217 *1111 1 71114744
111744 111147 111144 11144 61147 1111144 ’1134 ““11·”11 1 111144 ⁷¹²1 111174 ⁹7³2 111144 111 1 1113 1111711121
7414414441444114444111141147114441 ,14441144414441 ,41114411
mm Μ 1 1184 mus 111114 mam 68⁴¹ ’111111 111111 115141 11 110411 21117 mk ¹ww
4411 14111 44411 44411 1032012011²¹ 444111 ‚501 144411 444141 1 44441111
44411 44411 47411 444111444144411 4441 4444411444Ξ 44111 1441
44411 4441111 44414441444114444111 444444 1441111411 141441342149441441
1³1T³1370110¹⁸ 444447174411 1441411 4441
441 1 444114441147711 44411 xm 1441111 44141 1 441 4441
χ44441 144411 W 441444 1 44411 44411 444411
1,41 11 4441111114 4411144411 naa-1 14441 1414441444144411
..41 144411 4441 ,4444441441 4441144411 444111 4441111 4411444174711
,444 1201„11112⁶110¹⁷ 4444414411 1441144411

¹:213 l 4141 447111111 44411 stum 1 ¹²20 44411 44411 44411 ,441 1 44411 4441

12:112³0¹200001111001201112110⁰ 00:31112110„ 4411114441 444114414411474114441144411447144411
0131511144 1111 12141 31114 1114 111144 ⁶⁷31 ⁰⁰⁶2 ⁴66⁰20 11114
XM} 1 11121 1111111 11111 1 21643 wls offla 1011145 ' 1171111 mm mn 71111ῠ1111ὗ &Mo 810111
4111141 1 11111144 1111 ¹²17 11144 Μ4 ⁴¹21 111144 6OE1-111210 10011311111111111 1111111111
71411441. 44444 44144441444444144
114341 1 11111 11 ⁴⁰11 1141 1 1114 1111144444 11114444 11114111114447 11114444
mi 1 41 4411 44111 2110⁴ 44411 44411 4441 ,41 1441144411444411 444411 1144411

4441114411 414441 7441 1444441 11471
44444 1 4441 4444414441 ,4441 1 44714471 1012u 11441
,444 1 4771 4144444 1 4441144411 44411 11 4441 „mi 1 41147144414411 4441
ώιί 1 4441111 „bot-:2150 1 110¹ ,1441 1144411
,4414441 4411 1 4144491441 41441 141141144411 4441 44411

 

