LEXICON.

00

209

7336711 77711 2200», 177711

0:0⁵6, 17771 ,177 1 71711

“⁵3¹ 1 ’177 'flu 11117 1111777-77-777777 11177 1111 11177 5177 111177 1117 111177 11177 1’11177
-10 105„ 3370 ⁴²35 11177 1111115 11117) 111117 21177 111177 1117 11117 111117 111117 Qu

0360} 1 77711 001 001 000 512 500 500 500

11 2 20 10 0-10 1 27
771671 147711 77711 77711 7771177771 700⁵ 705³¹ 77711
ΚΝ 1 ᾔζ 111128 111112

⁸¹²1 ⁸¹¹0 ⁸³⁶0 ⁸⁸¹7 ⁸²⁶0 ⁹²⁸0 ⁹³²⁷

1.·,6771777111 7771177711 77111771771771177117771
0501 7711 77711111 7771117 7771 7771 7771
7771 000M¹ 77711 77711 7771 001²² 000³
11122 ww 11111111 η21 1111122 (mn ssfflfl
11117 811111

111, 11 11 705 700 700-700705
7771177777 777 000. 7771777111

02?- 7 7717771

0020. 1 77711

71776, 1 77711 510⁷ 7771 017⁷ 000²
um 1 101¹⁰

μ’ῑε, 1 771111 7771111 7771 77771
Μ 1 7117711771 77711 1000¹²

7·έᾶ 1 111177 3''⁴317-1010ffi90
71677 117771

113111 1 311177 111117 111117
ιὶιῃ, 1 7771ο 777711 120⁴

*²322* 1 111117 111117 1111177 11117777 *1111111117

1112111 1111115 11111777 &kh 1 11177 1177 111177 11177 311177 33²0
..3:20 1 1000¹⁶ 7777117771 77711 77711 11 7711177711
,27177711 0:001100„170„ 7771177711 77711 017⁷
mmm 7711 7711117711 77117711 7711 777711117711

ffi, 11117 m7 111171 11177 111711 111111 11110 ‘3⁸’ 1 1117711177) 59711-10 1111711177 1111177

-n 125„ 77711 77711 77711 77711 77721 77711117717711

2111177 21177 11111771111 11197777 21177 11177 11111 1 1117 1117777 ὃ177 ⁶¹10 111177 ⁷⁷10 ⁸¹00
-77 1117111177 1111777777 mm 111777 11177711177 11177 1111177 111177 111177 11117777
mum 111177 11111777 2111177 1111777777

:mn 11111 :ml 31117 ‘m‘ 111117 ae¹¹8 mmo-1020 mffi'HMNJffl-ssffi 11111

111121 11161113 111121 11117 111110-11 111110 -n-n-wffl 111111 11111211 111711 ml} 11111
111111 11110111 11124 mn mm} {mu-1⁴· 041021 mbo-1840 1111121 111117 11117 {mv
111 rmm) 511111 11112 111121 11116 21 2 11

7777 77
47 51117 1111777777 ‘mu ⁵⁰⁰ae 11117777 11177 1111177777 11177 111117 11117 111777 111117

Φ 11119 65⁰ 1111 ὦ12 αῆ23 ssffi„ 11117 11111111 111112 111117 111117 111111 ffflm ffllffi

005„ »7177111711 7311 m„ 701 57211111 58011 50611 6011111 00011111 612Ἶ

7171771177) 777 705 11 11 1111
7) 22 0 11

11111617 111118 11 1111 11111 1121 81117-211

7771177711

1132111071

⁵⁷²0 ⁷⁰¹0

08010005

0 10 10· 10

3000 000„ 111113 610141 7721 7001111111

210·

7671 1 7711 01¹0 105

77711 77711 7771 000M 1000¹⁰ 11 105⁴ 100, 177

070 000 000 7771177711 77177711 ,777177

210

κ177777· 1 7711177 7711771111 7711 771 77711

101l 77711 001000¹ 7771 77911 7771

77711 000⁴ 007⁴ 507²⁷ 77711 77711 010⁴ 111

11111021 11111 111111 81110-10 11111722 11112·

11 000¹ 100¹8 77 0„

,20005100200005

21 11 11411

„QQQ

2002„ 2702 016„ 325111 3131 367111 31011

1111111-12 1111111 1111111 1111111 11111 11111627

QQQQQQQ

111117 11177 mm ⁷⁰²0 7⁷31 1111177 111117

QQQQQQMffi

QQQQ

κ1711777777 057 510 502 700

offl7⁰05100

11 00⁴ 01²⁴

00010000107 000 075 777 7711771177 000.

010 21

77711777 000 1105
7711777 100 7771177771 ,77771777

10 1-0 1

77 1111177 111177

-2-11·12 11111021 111017 mm 111123 11119 111111κ1111111 11112610 'mu 111117 fimi! 1111111

1111111 1111110

111 611 00111 11311 1209 1577 ¹⁶⁰0,

101¹ 111 77711 77711 77711 77711 7771

ᾖ11ὧ 21111 111118 1111121 111111111621 ww

1111177 3117 11117777 1111177 111177 ’111117 3111177

1111111 11911111ῳῶ17 '‘aess 111111 1111 11111112

1111121 11116 111117 mm 11112 11111112 1111110

7777117771 77771 7771177711 11 57l

QQQQ

000177 100 2020205000 :01

111 10 17 1 ,1 21 12
77177711 500 700. 7771177711 11

0 21
¹0.

111λ1ω16η17431211112111017-Ὴί11112 Ἓ111 1 11111 ma 111121 2111-111 1111106111120

11117 111107 1111177 11117 1111177 111177 1121177

7771 777111 777111 1001⁷ 77771111777111
100⁷ 1171177 105

1010

Μ 1111121 111112 220Ill-1¹1 mlh m91³

31012 333111 302111 063111 mum 8211111

77711111 7771111 77717771177711 11

81012121 111Ιο13 111111 81110 1111111·.’Β

11117771177711777 001 000 7771111 77711777 005 000 050 777, 000 υ7717771177

11 ffl 10
Β ω12 gn& 8111241 ffllffl 1111018111111111
Q ww Νὓ21 11112 11111111 αὔ11·21

”³000 ⁹⁰⁸1 “¹²⁰2 ¹¹ ⁶0 11117117»

7222017217-

121 21 11

111122 mn 789le 12

820001055

⁰·ss 10 1

7177177177 700 7771177711 00011215
707 012 017 000 000010102⁴

0 10 222020 111120 11111111 11111741 μή 1 10 511

“vm ⁴510 1111771117 ⁶¹1, 11177 11117 1177 111777 11111177 1111177 1111177 11117 11117777 111111· 11117

⁷⁶4„ 81. *mm QWW 000 000 777, 001 000 777,

461211 mn mu 1112 11112

03 10-10 11 21 1⁹ fllelzl!

777717771111711117717711771177711 0000, 105⁴ 7711771771111 7771 777111

 

