LEXICON.
215

——u———b

11111112 11111162
16111161, ¹ 6111111162

ωξοὶὀ, 1 16621662 66122

116 ι 16122662 66122 61122 61622 6662 66122 11612 6662 1111616612 11612

16162 16122 161122 16622 1162 11622 16622 161622216112211122621622 1622 6622 amenis 1 1162

11112 61622 6162 616222 116122 16121112 11161116211622161261122 „ps 11162
w? ⁵331 ΜΝ 5583419 ωῦὶθ 555122 εΔΗΜῚ ’551611201212926571298119

7317 l 6112611122 1112116216622111112 ,2222222222 16622 1662222 66622 66622 ,1116161622
55561611 551611 51166 51111 51516 511111- 551155 1 5156
222222 1112 1662 1612 16122 1612 66622 ,61111 1 622 6162 66122222 11122
5151 5151 55111 5511 5511 555611 55511 5111111 15511616
51111 511116 5111-1-616 51111611 55511 5156 ’5111111 1 1111111-16 111111
11 9322 972 1052

51111 55516 111511 11116 11116 111111 11111 *1111 151516

151111 11111 5566 55111 511116 551111 111156 1551111 11 ’116

”mmm-mmmm 9⁴574w Qu 98511 ρῑξμ. Ι 5585

66622 66122 166622 1661216162 11 122212 ,61611 l 662 ll 0¹⁷

⁸702, ¹384} 16111 ΠΗ 2010 2111-111 291111· 5011155 1756OE
22 662 162 1122112 112 612 1122 6122 662 ,611131 7 622 611122 7072
16122 1112 16122 1112 1162222 1111111 7 61122
nia} 16121622161216126112666261122 1111 1 66122 16122 61622 16122 6112216622
111122 16662

„hi 1 66221112 6162266122 11 122 11311 1 11622

23611 1 66622 611122 71 1622 612 &aas 1 61622 6612211122 11112 61111· 1 61122

2161611 l ,111722 'hy‘ 190022
,ἑξμ116622 ,11116112 ’ 116111112261122 16122 61622
1116616112 ,11116626121622162222112662216122 611111 612 66122

65115516165511151161516155111561611-11 15516 15116 511616 5151611 ’15111 55511 *5111 11111151115196115151611 11111

15111 11511 51511 1511611 mm 2911611- 1115165156 55511 11 2011 216 511111 1 1151 1551 11516 25116 11151111 11156
222222 66622 6112 6612 61122 61622 16122 us} Ι 161222 1662 11122 1112 6162 661- 66122 61622 611222 66622 3662211122 61622
11162 1162211622 1112222 1662216122 66122 66116112161622 161622 11 1162 6162 16622 6162 61122 11 162222 112 662
6112 66622 66122111 66622 61621111 66622 ..626111 16162 ’ ,22 612 6121122

6116612222 66122111 66622 16622611 11122 26111111 l 11122 11622 2111111 1 6662 16622 6662 ll 1122 162

,22 1162261122 11122 166222 16122611 1111116162 1611111122 61222 6122 16122 11622 1162

77121116 1662 6112 6162222 61622 6622 mnf, 7 16122 1111216122 221⁷ mm 1612 61622 611222

161122 11 122 1122 1126112222 1622 16222 ..11 1 16622 1612 2 1612 16122 61121112 1662 16122 6612 6662 66622 61122 16622 66622

662222 16622 1162221111 11621111 16122 1162 ll 12 661221612161211122 1162 1162 1662

1111 1 162 662222 6622 6122 6122 66222 1111116162 1112 1612222 166222 6612222 6611266122

mn& ωΗ-ΉΗῚ ¹²⁴³ ¹³32 1511448 1le ¹²⁶2} l 10512 ωθῑ 597⁸ mlo-21 6098 6281110665972111

mh ¹8⁴1·ss mn& mim mlo QZ! ἴδῃ 1 mil -24 7252 ml? 70611 788ss 82016 82119

1112222 11622 1162 16121162116216122 ..11111122 6612 661222 6662 61122 616222 61122 6112

mn. 616. - 1. ι. 1. 11. 7

 

