444441 4 447 44417 44417 4447

1111», 1 777,

0152», 1 177,117,,

111111 171, 1171171, 711,,771,,77,,
¹²²³} 1 111),1>17

,51 1 4⁴5¹, ⁴65„

471 11892,

11311 1948,

1341·ss ss *1⁹
1-7» 1 7111,

11111ωἶῃ777 777 771

MQQQQ
11111117,
,111111717,,711,,
1111111,

11111111,

⁴:11⁸„

7117.
moenum„
1111177,

1444417

11111171,

113117, n„ 7,,ϋί1,,, 771, 717,

,1111 117,
11117177,111,771,,1177,,177,,
ὼ 1 44211 44148 mmm mm ω414
μω 1 177, 171, 11 171,,117,,
*7111111771717117

LEXICON.

,771 11 21²¹
..11 1 117, 1711,
*11 1 93, 21)9,,,,1 577„ 721,
,11111 1 919,
17111 1 177, 771,
1111. 1 117, 777,
(11 lanam 717, emm, 11 117,
„imi 1 Μ,
*441 4 44411 444717
144441 4 ὦ411 44417 4441 444417
*1111 14172,
444111 4 44417
,11111 Ι ffllm
(10¹1 1 915,
*11111 1 7(1)⁴
11711 1 777,,711,,1717,,
1111 111, 11, 77,117,,, 171,2 717, 117,
4417 44441117 44411 4427 444417 44417
444717 4447 44411 44411 1717 4447 4441-
711-11 44417 44417 44417 4441 4447717
444711 444717 44411 44417 4447 444417 4447
717,0 771,5 717, 11 7,,11, mm 11ὗ 11,
4417 4417 4417144411
41441 4 4411 447 4477 44417 44417 4447 44417
44441 4 44417 44417 4441 4441 44411 44471 44417 4441717 444177 4441-17 44477 44417
44411 4477441447 4441144417 44417 4441 4447 44417 4447
444441 4 44417 4441 44411 4441 44417 44417 44417 44417 44 44717 4417 4417 4417
,mmmmm 77 77 71.

11721 1-1 2³ 17
1111111777, 71111777,
7111171, 71111117, 1111,

ῥ’ 4 4 ⁶21] ῧ31141 mlo {ffiw 417111
,111 1 111,

444444 4 4441717 44411

oswi 1 735,

4441 4 4411 4417 44411 44417 444717 44417
44411 44417 44441

14441 4 4447 44411 4441717 4441444114447
717, 711, essm 1777, 11 11, 111,
111, unm

x 1 4 44417

mh, 1 11111,3 773,

111711 1 17, mm 77,

«11111118,ῢῆ
mmmmm 717 717171

ΗΕ lo 1 21

1111,

,1111111 1111,

1111111 1711,

41444441 4444717 44417

..111711 1 7,,1717,17111,

,1818116815

11⁸²? 11111117

4444 4 4411 44417 4447

44417 4441711 4441744417 444117 4447
444711 ω41-17 4447 4441 44411 44417 44417
198, 40οω ⁴01¹³ 101, 1115, 120, 421,
mm 131, 410, 1117 117, 171,ο 1117,Ῐ
-11 4447 444717 44417 4447 4441 44411
44417 44417 44417 44417 444711 4447 4447
4441444744414441744474441744471
44477 44417 44417 44417 444117 44417 44417

717, 717, 717,7 711, 711, 717, 711,ο 771,

4411 &Ml-18 4411 748-22 744 8¹ss 8⁴5, 44411
71177, 171, 1111, 117, 117, 117,5 111,
ΜΝ mu 44211 4841 uolo-23 44415

117,Β 177, 177, 171, 177, 171, 171,ο

44422 4479 48415 48416 mm w? Νη
24413411 mm 244111 ml! mlh mlh ΜΒ
QZ α44641 ἩῊ w„ 311211144419 34411

oe820 8442 Qu w„ 92⁴„ 9ae2 WB
44411 44144411 44441 ¹¹ 41411 ⁵³1

111, 117, 117,

 

