7777779979.
997 979 969

9979 88777 8789 88879 99779 87877-7977-777 ’797 77997 m„ 78977 7789 777999 897 87779 111 m„ 726217721111 ⁸¹⁰1w 111111 811711
997997 8899997979 8777 7778997999 7979 87977 87779 8789 877777 Q ἢ 1111714 872111 111711117171111111ο
8789977 8999 9987 8787797977 9787797797 8997 9779 79779 911 8191 8911 97011 9791,
97779 99797 9779 987977-7797-97 9877997 “ὶ977 777999 788777 87777 87879 8789 97877 &ulf 811115 7
987979 99879 979777 97777 9777 97877 9779 9889 1113 ⁷³⁶ae ⁷³³9 811„ 8981 wo„
&QQQ
71 m„ 77991
οἱ 99711 9971199111, 9991111717 99911
7119777 979
99117911 7971 9791 9771, ⁹¹¹u-15 · 1 1,11777711 777
13171171 9911997799979999 ζ1191711
777777 ⁷⁸²⁹ 7999979791 777 799 „qm ⁷7⁵9
x‘vss‘· 7790 8902, mi 7117278777 77 qm} 7101171811
ᾚ111 99991997999999999 m
9⁶8 9
affl! 99911 11171717111 717779. 7771
..91 7771177711 77911 7991 79911 7991 99911 1111111 ⁷¹⁸⁶ 711 97711 97911 97711779 79911179 97711
87879 87877779 88979 98279777 87779 879977 luna! 78311 766111 91011 87897978 979997
8877 89779 9879 97997 99799 98779 9779 ψ’,71 997 7777 77979 77879 78779 78779 7887 7977777
97711991 11111111 1111 79915 99911 97911 9791 9791 97711 9991

9717789789 7797 78897799 78777 7799 ’

v·· 7999977897
Ρ91 78879

977197919911997 979 999 979 1771 7971197911
ιε’-11899

2⁴ ΜΩ 17 15 131117ω177811831π
1671779711
79771 ⁷²⁹0
99999
7197719711 Ὁ
9997199711
1997199711 7199399711
79791 7971197115 97911 9911 997917771179179719911 99911 9791
77777 7777 79777 77777 77877 7897979 78877 77717177777 7877 87779 8797
’ 971971971119991111999119791 71ψ77917991991
97117311,2 mm„

7777 77877 7787799 79879 7787979 78879 78877

99 99 99 99 997 97 99, ”
⁷mil-1⁴ 795111 778715 α8711)-21 m! α770 8778 2

81818211 843111 1150111ῆ1185911 87⁴¹,ss- ' '

77777-79 ω77 99979 89779 97797979 ⁹¹3⁴- ζ

99199,

,9717141 1167711 767111

‘ml-191⁸ 1021·ae w& 78870
9971 77911

· 7137177917971197911
979991 97911

w ‚ &QQQ
3011! 87111 977111 117511
7774771117 83111
9719· 99 99,
uni 7792

773971 7771, 75711 99911 99911 9971197911 ’
799991 99911

MQQQ

 

