202

ὠή 1 091,
md 1 17„ 444,
ιὶξ 1 444, 44444,
44 1 ⁶1²„ 44 44 4444
ιῂξ 1 4444,
1‘2 1474,174“4 mmm} 444,, 4441414
6146,ὸὶ44 ω6,174’4 11 ”9⁶5⁸ 116,174”4
lMQQQQQQQ
mmm-1⁷47 ms ww 5&ss 1111111 1121141
11 ⁴⁰21 11144 11114477 ω44444 7144447 1147
, nmo-²¹1 mmm 11101010 1110·ιό

444 44 44, 4,,

1 ³⁶9

1²⁹⁸! 144, 474, 474, 474, ww 11 4,,,
44, 74, 77,

'2⁴2 1 999719³

111 11111144 11114 711174744 11114444 1114447
44, 44,

..53¹2 1 477, 11 44,

,74444 1 477, 444, 4444, 744, 744,, 747,

αξ l 119„ 1119„ 60134138,
ni} 1 444,

44 1 44

,44644 1 444,

...944441 1 447,

11111 1 1111444 211174 21114
¹²⁵3! 1 1’11147 111144

&gui 1 102,

μοξ 1199179⁴ 444, 444,
m! 1 Μ, (mu
..ΕΜ 1 444,
μ...ξ 1 11727²⁰

ug 1 921 444 11 47

6 27 6
1'241199999¹⁷
Qlssfflffiffifl, ,
..99:411117„
ς4441444,
υῤ147,44,114,44,
4Μ111144111144
x22‘119271m

,4μί 1 474, 444, 444,

ω. 144.

2521991, 111⁷

ν’, 1 444, 744, 444, 774, 444, 4474,
QQQQQQQ
&³3¹⁴

,m 1 47, 444, 2592119⁶ 744, 979109911
ωΕ-Ξ11χ1115

m.. 1 919„999¹⁸ 9210111¹¹

x;.41211„111⁶

1²». 1444774,444,477,1144,444,

112³, 1 444, 44 a„

LEXlCON.

203 204

lim-3173„ Q„ 1990779¹³ 474, 47, 441,ιὶ 14444,
4444, 11 4,,, 4, ,41441 1 744,

oin-1 1 44, 444, 444, 444, 11 444, 43447 1 444,2 444, 4444,

x8325111'1101024

4444441441

,444444 1:19¹⁷

x{2715 1744,

4111111 11111147

44141 1 444, 4444, 774, 444, 11 4, 119¹¹

4444441 1 4444,4447,, 11 444,

1³11& 1477444, 744,

,7441444 1 444, 447, 4444, 1021¹⁷

4414444444

419211710729²

111’11ῑ11114711117711111441111411111147

111111 1 ¹²⁰9 111744 11114744 11 1111447
444,

abb. 1447, 747,

444441

44114131444,

11711 1 1111144 11144 11114-4444444-444441111144
11114474 21144-44 11114 mn 111114 1111114447
4447,

1111 1 11114 11144 711144

„ok-,1 1199n

„1121 1 474,

4434144,

1112* 1743,

’ '⁴2 151190

,74174 1 1911ffl7111fflss17²ss

1121180„

71411444,

111111 1 1114447 11147444 111144 1111444444

{mm ὅ111 51122110 5331-97419 6²)ss

621117 mm 111117 11 α101040-11417ῶο
..44111 1 001,

nuk} 119111¹⁸¹
mark} 147,
4444 4441
„3213- 1 444,

152 1 110¹⁷ 444, 444, 744,

μή 1 42, 47, 4441714 744, 447, 444,, 44,

137Ὴ, 110,7 10οΜ 173,7 510, 116,

7144, 1 ¹²10 447, 444, 477, 444,

*11 1 111144

,4141 1 443, 744,

4-44 1 44

11111 11114 21111771114 7’1144

,141 1 47, 7,, 444, 477,,, 11 44,

a? 1 111113 111115 11118 mlo ffi²11 fflgss

..o-1021? 1 757,

&p 1 1111144

βξ» 1 444, 447, 744,

4444441 1 744,

4441 1 444,

454444 1 447,

,4444 44 47,

1331? 1 ³³⁶1

§.251111ffl215211957¹⁰ ', ·’ ,,

111·11 1 ¹³2 2’1144 111144 1111144 211144444 111144 ’11111 1 21114
744 774 711 p? 1 ⁶¹317⁰⁸11

71 1 10
180311111 447 now 1302 147, 44, 74, 47, 444, mmmm

11 1
411111ὒῖ 1 ¹⁰¹9 4, 1111144444 11171114 mm 1111474444
11111111911411117 4444 1111144 31114 5114441111 511144 1111244

11111211ῃ1144711144-471114 7111144 1111444111444 111147 α1144 11111744 11
nmis 1 714, 44, 119²² 444,

44441444,11444, 44434 1 47, 444, 444, mm&
43:2111195 112 191 474 444 444 4477
QQQQQ

1 444 74 1-7 11 -1911
οὲρξῑι 114021

4.·44, 4444,

..ἐξ 1 444, 444, ⁶⁰¹⁷-10 444,

balb-142¹! 52¹5& Μ10·ίὸ mu ‘mm

11114 11114444 11111144 11 1111144 13144

 

