LEXlCON.
251 252

111111 1111111111 1111 1101111 100111 «1111110111

,141 10011 1111110111 11 111111
um 1 00m 1111 11111 1111111111

-.-- 113

1111111111111011111 10111111011111111 ’ ’ . 09111 1101111101 111111 1111111 1111111

mn mlffl 27621 w! 34126 315611 Π ¹ &H ε11111 88118 9α11741 ww 940179112

3’11111 1110 311111111111111111111311161111 1 ¹ -111-11 111111 1111111011 1111111 11 11 310
6111110161 12 111ιο1011 11111 111111 11110 1111111 111111
1213. 1 817 16111 17311 16211121111111111211 ' 1 12811

m„ ’ὦ 1 111111111151-11111111110 1111 1 11117111 11151110 1111110 1111111 111111

111 Ι 111111 111111 11111 0111111111 0111111 ..311110111101 2⁸92 ³297 ³⁸01„ ⁴⁷²0 1111 51111 111111

80„ . · 1011110110111111111 71111 11111 010³

11011111 · 1111111 1111111 11011 01111

ai: l 1111111 1111111 ’ ” 01111 1 1911 1111 9311 111111 1111011111 ²⁰⁸1 ²²⁴0

28911 166111 15611 1921 52111 56111 111611

001111 011111 61111 1011 11111 11111 110111

11111 11111 1101111 11011111 111111 0111ο 00011

,11 10111 ΙΙ 10111 10111111

11111 111111 11 1011
1111111 1 11111

1,1111 1 111111 1511111 1011 111118

..111 1 101111 3111110111

1111 1111111 01011 11111 111111 10101 ,1111 1111111111
...mi 1 ⁹¹¹1 1101111111 0111111 11 11111111111001111111111111101111111111 111111111110111111101011

1511-10 3111110 11111111 88517 πω 3111117 “ἒ’11111 1111111 1111111110 111111111111 11111 111111

w 1 1111110111 10011 111111 1101 1011 11011 1011 11111 11111 11011 11111 1111111 11111 11111 11111

W! &25 7611 5661111111] 625111 611111 66611 661111666111 71111 ’16611 790„ 7911180811 616111 61611

 

