Ι1111111111.
155 156

11111111111111111111111 11111111111111111111111111111111111·
2444 4 4411 441 24441111 444411 44441 444411 44411 mm 4411444144411 44411 44411
i 4444444 4 441 11144411 ω441111 4441111 44411 444411 4441 4444411 44411 4441 4441 4444411 444411
444 4 Q 44444114444411 4441444411 44441111 444411 44511 444441 44411 4441111 44441144 4411 44144411
A& QWQQQQQQ
4 4444 4 44411 44414441144411 444114441111 4444111 4444 4 444411 44411444114444114441111 44411

11111111, 11111 11111 1111111 111111111111111 11111111111

1444444 4 411 4411 444111 44411111 4411111 44441111 4441111111 m⁰:112 44441 44411 ’4444 4444411
¹ 1021-21 441111 4411441 44411 44411 44411 4444111 44441111 44411 444411111- 144444 444411
4441111 4441144411 m„ 44411 44411 111111 4441111111 4441144411444411 4414444441
1111 tm„ 1111111111 11111 11111111 111111 111111111111111111111111111 1111111111
441111 m„ 4441 4441-1-1111114441-11 4441 4411 441111 441 441-11-11 4441144444 4444 4 44441 44411 444111 44414444111 44444111
1111 44441 4444111-11 44411111 4441111 -1111 441 44111114411441114444111 4441111 44441 444441 4441 7’44111 44411 44411 444411
44411144411111111111 4441 54411 444411 ι44411 11-11 4441 444441 4444411 44 4411 4441 44411
ζ ,1111111111111111111 1111111111, 1111 111111111111111111 „Qu 11111111 11111 11111 11111111
11111 44411 44411 444411 4441 444411 444411- 44414 4 4411 44411 444411
mam· 444411 4444111111 4444111 44411 14444 4 444411 444444411444111444114441144411
1111 4444144411 4441111 4441111 44 4411 *444 4 44411 44441 4441 444 4 4444411 44411
1441111111 4411111 441111 44411 441111 ““.4“444 4 4441 44411 44 4 441 44411 44411 44441 44411 44411 44411
4114411111 4411111111 441111 ὦ1 14444444 44 44111 44411 44411 444411
1111111111 11111 1111 000⁷ 11111111 11111111 11111 1111111111 1111

1111111111 1111 , 1111111111111111111111111111111111

Ὶ’11111111 1111 1111111 1111 11111111

1111111111 1 · 11111111 11111

1111111111 ’ , 111111111111111111111111 1111111 11111
1111111 11111 1111111111111111111

1111 1111111111 ’ 11111 1 1111

4144444441 1144414414441144411444144411 1ὶῖ4 4 44411 m„ ῃ4414444411111111-11 ²9⁶0

11111 1 11111 11111111 11111 11111 11 111 111 11111 1111111 1111 1111 11111 111111 1111111111

1111111111 ⁹ ' ¹ 1111111111

1111 1 11111 1111111 11111 1111 111111 ,1111 1 11111 111111111111111111111

4441144412 444445 ἄ442 444440 44422 wib-18 KQ& 4 444411 444411 444421] 444471 444412 444221 44444212 4442412 44444211
1 11111 11111111 11111111 111111 11 111 11111 1 1111111 1111111111
ww„ 1111111111 11111 11111 11111 11111 11111 ,1111 111111
111111 ,1111111111 11111111111111111111111111111111

1 14111111, ,1111111 11111 ..11111111111111 1111 111111 111111511

’4 1414 4 444411 2441111 444 4 4441 44 4411 4411-11-11-11 44411 4441444411 4441144411444144411111

11111111, 111111111111111 111111111 11111111111111111111111111

44Ἱ4 4 4441 45411 44444111 44411 44411 4444411111 44444 4 44111 4411 4411 44114441 444411 4441111 44411 74411 74411 44 4411

44414 4 4444111 45411 424111144444144411 »44444 4441111111 441444144411144411 14444 4 4444144441
44411 4441 444441 44411 mmm 244111 44411 4441 a’50 4441 744 4 4411 4411 44411 44441 4444411 4441 4441
11ῂῖ 111111 1111111111 1111111111 1111111111111111 11111111111111 11111
1111 1¹1³„ 111111 11111 11111 1111111111 1111 11111 ..11111111
'LU- l mm lffiu'ss 44441015 ῃ421 mm 76¹6 4444442-Ὴῇ 4444416 4444417·12ω42·17ω4421 44444 4 419-20 4442 24419
444111 44411 44441 444411 44411 444411 44 -11 444411111 44411 4444111 44411144411 xm 4 444411

44444 1⁰ 88051-25 4444145117 844418 ω41111221 ῐ44444 4 α44419

713⁴? 4 44 444Ἆῖ 844441 444414 4444742·ῑῦ “no-151⁴ 444οΗ14 kz! 4 4447 4Τῇ 444419 Q 4442 544421 4444411

————

74434 4 44411 4441144411 444111 44411 54411 444411111111111111 44441-11-11-11-11 444411 444111 44441 444411 444441

&ww δῇΜ 444425 4444412 1 mma-2⁰ 44421 4444841 4444141 WB 444412 444-4444 4 ῃ1111ᾔ4114441θ444111 373lib-123 4444422

4444444 4 44411 4441444111111 44411 44441ι 44441111 44 41144411 44144111 4411 4411 4441111 44411 444111 44441 44411 544411

111111111111111 111111111111111111111111111111 Q 11111111 1111 1111111111 11111

*50ξῖ 441441, ’μζ-444 4 29²5 444411 44441 4441111 44411111-1111-1111

 

