LEXICON.

121

1111111 1 1110

11111 1 0100 11 1000

1111111 11100

m 1 10100 um 10001001110 1101010οο
xm 1 010001001001010010000000 101111000101000001111011000
m 1 1110010011 1010 ,1111111 010010000 00007
01111000 0010 ,6011101100

01111111.ω 1111010101111100
,011111 11 1110 „m 1 01100

w 1 01000 110111 00020 11 11000
4444444443 74444440414444214444244911-1121204445 4
,111111110001000011000 111000

001101 ·

m 1 101000

uim-1 1 1010100011000 1100011000 1100 1111. 1 100οῖ100 1010 11 1110

11001110 ,0111110
01111111111100011000 1111111100
..1110311111οο ,11ιί 1 701000 70100
1111»1111100110100100 ,1111110110
1011110010 ,1111110017
111101000000111110 011100010000101101111001100010110 ,1101000100
*44 4 44410 4441 71411 44 4440 441111 74101114410 α41-11-11 ὦ111 84411 4490 1444 4 411
,1111111110οωοο ,1111111100 110 ,011011 101000
44844 4 mv 44411 444441-8-11021 444410 ἑὼ 4 441 mlo 44410 ω4410 44448 44 4448) &533⁰ 4 44412 mlh m¹2!
444 4 34414441 444411 444411 44440 20811444410 444411 721111043110 44411 44010 ὦ11 444411 1444444 4 44440
44441οῢ10101ῧῆ mim 4444111 wo 44427 [ffl- 4 444411 44 44411
44441010 42411 [4441174711 4444441111 4444411 4444444444 4 1444410 mm 44 4440 44410 4440 *4354444 4 410
010 11 110000 100000 100 110 000 1111111 0100 111011 110 01000 0100 mn 1 110
·14 ,ΠΒ-11110 4418 44Ἇ 841 8448421 4Ίῶ 4441ξ *nu 4 444411
11111100110010101000001010000001010 11111 11000000 111111 11100 01000
10010100010000 111011011000111 1111 10000100 111111 1 0000011100 0110
,00101110111000011101100011001100 υ0111101100 111111 10110110011000110
-11 4444410 4444101101 444410 44440 844411 44444410 4444 4 44410 444444 4 Μ1 44 24411
1111010000000 0000 010 0000 1000 1111111110 1011111100
ν1111111110 1101111101οο 0111111010001110
,1111 1 1110 11000 100000 10000 010007 11111000 101111 10100
11 4441101011 44441 44441 444410 444410 4444440 uk* 4 4444411 4444144444Βο
1100110001110001000100000001000010 0,1111111100 1111011110οΣ0
10110011110000010 00000110 000 110 1111100000 10007 ,11111100100110

mmm-2³ 4441-1-1101111-21444010-11 44411 4444444 4 44418 444447 ffi7'1 44428 82411 44 44411 44444 4 4441 44 4441944β2144154

444410 444411 144411 4491 7441111 ’(44 l³²1 4441111-11444η4411-11 44410 ”mmo
44444444 4 44411 44 4211 4444444 4 444410 -11 44411 44441 94114444011114444411-1144440011
4444444 4 44411 3441 4444411 444411 94411 4444110 444444 4 44441000 40411111 44440 49411 44440 w„ 244441010 44440 44444111

11110 1000 0000 11001110 1000 1110 01ι 1101110000 01100 00100 0000000 10100 11000 10100

0100 ..1111110οο0 11100 100000 00100 00100011 1000011100
1111111 11000 10101107 11100 11111000 ,11111 1 10001110 10100 00100 0110000 00000 0010 0010020
mma-10 1444114444444114444111 944111 44411 ω4411 444443 4444410 44 42111

11101101011111000 ,1111110110 1000 010100000101001010011001100
ωόι 1 100 11111 11100 0110 0010100100 11 1100 011110101110101001000000001101011000

mu 1 01100 11111 1 00010 ,111 1000 31b 1100111 010 0101010011οο

 

