LEXICON.
320 329

9949111191 91111119
1919911 909„ 99111 94911 9199191 194911
199114911991119911191111491 19911111191119911119441

66661 122119 16116621 16664
»91911119 · ·

994414, , .
23² 1 1619 m„ 16611 12211 2221966211 56111 116266 1664 2161911 ,

66211 66116611 ⁸⁷⁶2 9611161116 16619 ’161 1 6119 6719 ⁷⁷0 ¹¹71 11614 26619 61619
91399 Ι 19911 Q„ ,ὦ Ῑ 920„ 6669 6611111 6169 62611 62111 61111 66119
τω 1 ⁴¹7 11619 2216161919 61219 62119 ¹13³ 1 22619 2261 6724 ’1661119 66119 ffi¹79 ⁸3²9ae 6621-11-19116619911 11 19„

6669 66614 507„ 6629 090„ 66611 76119 1116114 1636 1611911111 m„ 2161112614

149199911119111 , ’9199119111 9199 1 29„ 911 91111 191911 911111 99911
919919199911 70⁵³ 19411 , 199191911111911114411
1,4199911911 1491919111 x1911 1199111 1491
19119419911 91119919411199119911 11999141119111911191111911999119941 11991149119911

66613 6662 6661 61619 6661 66612 66611 66611 6761712 66121 66121 6811 6669 6768 6666 l 6617 16611 66619 6177666211 66619 66711

9111199411999199111 94911 99119911 ,19991991119911194111111911 4991499194911 99911 1121„

1991 717„ 79„ 700„ 191119141 9911 ,1919991491 9199199911 9111 94111 ..1991111911

099„ 911911 91111 9191 199911 19911111 99111 9941111 9991111 99111 919119191 199991 14991199911 9191111 1991111

411 11911991 1991111991 1199111941 ,1991191911 19411
11191 1 1111199411 991919149111199111191119411 99911491911941111149911 9991111111
*²5²3 1 16191114 6664 6669 6121 1661919 1661·ῗῶ 1112141161661162161719 66119 16131111166691

6623 ffflffi 6669 66617 661 ὥ611 66617 “mla H 26611 2669 ὢ l 626126661ῠι12 H 61

662966126697669126196261416169 Γ216116661111211 136126611662191611466619661166611

11112„¹ 1991199 1 911411 100„ 91911 1991 009¹ 071„ 009„ 19941 11 117„ 129„
..191 1 99111911 94911 1119111111 721„ ,91919991 1911119911

9141 19199 1199111941 1191111119911499119191199411
«111311 661111 ¹3³3 1 6619 1619 669 2621 2669 2119 6211 121611661962119196669666196669166719
1166 1 000„ w„ 61219 667119 6661919 66619 62619 6691 61619 ’126 1 21611 6169 7164 66111
11991911111911999111411 „ 9191119111 111111191199911 19111 ,19111941

61161 6619 6169616-19 66611 6611 666116 1611 1 6611 66166619 66119 6264 616911
6661 66611 66616219 7269 76611191] 6669 ,61611 66619 6619 11 1611 661 621

001„ 079„ 990„ 11 1991 101„

1,19119911 9411114411 91911191411

,191 1 702„ 1199191911 11 19„

⁴1⁵² ¹ ¹2³1 ⁶⁹²9 ⁶⁸⁶2

116616620-1666116669666116660666166
9191191911 1141919 199911 11 1191 110„ ·'

„09:23 16119 66614 66611 71614 61611 66619 ’

-11 6661

1991911991 119911994119491119911 11111191911 199911

,9191111111 19111 911111111911 1199911 11141911

11419119911191111919111441 11199991991111411199911191911

9199119119991111911 1991491911119911191111 19919991119911

19199119991 991111911911 1191114911

1,91999 119911 11199911 911111 14411

1199119919991199111999111991199111 11191 1 419114991111411 1911

“6.1616·“6 1 11619 66611 ‘A 11 6619 6219191111

'im’ 1 666ὓῦ11 6611 6617 66111 66616 W

94911999194111 949194911119119111 94» 1 99111 9191 99911 019„ 9911111411
1911911 19111111 092„ 94911 9911111 997„ 199911 11 19911 1491

11661 w Ι 1617 ι66111 61611 66617 66611 mmo

 

